nTeams=30;

dist=[
[       0  1270    396   189   739     480   364   554   805  1023     941  1617  1753  2581  1237    2682   189  1542   394   255     848  1119   628   865   728    1170   921  1356  2489  1034   ]
[    1270     0   1201  1104   972    1024   960  1094  1028   329     820   967  1710  2258  1246    2571  1104  1109   933  1047    1195  1515  1157  1375   657     207   617   654  2732  1068   ]
[     396  1201     0    294   395     183   287   185   440   893     632  1306  1357  2189   851    2287   294  1195   301   283     455   729   237   475   553    1046   690  1093  2114   664   ]
[     189  1104   294     0    571     315   176   409   644   843     759  1433  1616  2431  1085    2556     0  1366   205    66     712  1016   496   763   540     992   732  1167  2407   873   ]
[     739   972   395   571     0      259   428   211    88   643     244   910  1072  1866   526    2021   571   807   410   517     240   592   215   407   349     782   369   715  1961   304   ]
[     480  1024   183   315   259       0    200   115   329   712     472  1152  1305  2116   770    2249   315  1063   195   267     409   740   213   499   372     865   509   921  2136   558   ]
[     364   960   287   176   428     200     0    314   509   680     593  1261  1495  2294   953    2442   176  1203    30   109     607   939   411   696   366     832   557   992  2336   731   ]
[     554  1094   185   409   211     115   314     0    257   772     452  1121  1207  2028   682    2148   409  1010   310   369     303   626    98   384   437     922   536   919  2022   484   ]
[     805  1028   440   644    88     329   509   257     0    700     248   878   987  1788   444    1935   644   755   493   593     167   512   225   347   427     833   415   713  1874   230   ]
[    1023   329   893   843   643     712   680   772   700     0      502   829  1453  2085   953    2356   843   906   651   779     867  1193   831  1046   340     154   293   493  2456   757   ]
[     941   820   632   759   244     472   593   452   248   502       0    680  1008  1741   471    1946   759   612   567   697     396   695   456   582   336     616   212   472  1974   257   ]
[    1617   967  1306  1433   910    1152  1261  1121   878   829     680     0    871  1291   670    1623  1433   242  1233  1368     954  1067  1102  1107   933     807   727   336  1891   696   ]
[    1753  1710  1357  1616  1072    1305  1495  1207   987  1453    1008   871     0    847   550     949  1616   643  1480  1572     906   689  1126   913  1341    1510  1200  1078  1033   780   ]
[    2581  2258  2189  2431  1866    2116  2294  2028  1788  2085    1741  1291   847     0   1346     452  2431  1180  2275  2381    1734  1535  1954  1759  2074    2090  1895  1612  1071  1563   ]
[    1237  1246   851  1085   526     770   953   682   444   953     471   670   550  1346     0     1498  1085   456   936  1036     400   397   614   488   797    1039   676   697  1505   231   ]
[    2682  2571  2287  2556  2021    2249  2442  2148  1935  2356    1946  1623   949   452  1498       0   2556  1462  2428  2515    1844  1574  2062  1822  2282    2386  2127  1917   684  1728   ]
[     189  1104   294     0   571     315   176   409   644   843     759  1433  1616  2431  1085    2556     0   1366   205    66     712  1016   496   763   540     992   732  1167  2407   873   ]
[    1542  1109  1195  1366   807    1063  1203  1010   755   906     612   242   643  1180   456    1462  1366     0   1178  1305     794   851   973   926   920     924   727   456  1673   541   ]
[     394   933   301   205   410     195    30   310   493   651     567  1233  1480  2275   936    2428   205  1178     0    139     598   935   408   695   336     803   527   963  2330   712   ]
[     255  1047   283    66   517     267   109   369   593   779     697  1368  1572  2381  1036    2515    66  1305   139     0      672   988   461   737   473     929   666  1101  2383   820   ]
[     848  1195   455   712   240     409   607   303   167   867     396   954   906  1734   400    1844   712   794   598   672       0    353   220   186   589     997   579   838  1737   258   ]
[    1119  1515   729  1016   592     740   939   626   512  1193     695  1067   689  1535   397    1574  1016   851   935   988     353     0    529   254   939    1311   900  1057  1397   460   ]
[     628  1157   237   496   215     213   411    98   225   831     456  1102  1126  1954   614    2062   496   973   408   461     220   529     0    287   506     977   575   927  1926   435   ]
[     865  1375   475   763   407     499   696   384   347  1046     582  1107   913  1759   488    1822   763   926   695   737     186   254   287     0    752    1180   762  1017  1645   418   ]
[     728   657   553   540   349     372   366   437   427   340     336   933  1341  2074   797    2282   540   920   336   473     589   939   506   752     0      493   206   639  2284   569   ]
[    1170   207  1046   992   782     865   832   922   833   154     616   807  1510  2090  1039    2386   992   924   803   929     997  1311   977  1180   493       0    418   478  2529   862   ]
[     921   617   690   732   369     509   557   536   415   293     212   727  1200  1895   676    2127   732   727   527   666     579   900   575   762   206     418     0    436  2182   468   ]
[    1356   654  1093  1167   715     921   992   919   713   493     472   336  1078  1612   697    1917  1167   456   963  1101     838  1057   927  1017   639     478   436     0   2110   609   ]
[    2489  2732  2114  2407  1961    2136  2336  2022  1874  2456    1974  1891  1033  1071  1505     684  2407  1673  2330  2383    1737  1397  1926  1645  2284    2529  2182   2110     0  1721   ]
[    1034  1068   664   873   304     558   731   484   230   757     257   696   780  1563   231    1728   873   541   712   820     258   460   435   418   569     862   468    609  1721     0   ]  
];



opponents=[
[ -30 -29 -28 -27 -26 -25 -24 -23 -22 -21 -20 -19 -18 -17 -16  15  14  13  12  11  10   9   8   7   6   5   4   3   2   1 ]
[ -29 -16 -30 -28 -27 -26 -25 -24 -23 -22 -21 -20 -19 -18 -17   2  15  14  13  12  11  10   9   8   7   6   5   4   1   3 ]
[ -28 -30 -17 -16 -29 -27 -26 -25 -24 -23 -22 -21 -20 -19 -18   4   3  15  14  13  12  11  10   9   8   7   6   1   5   2 ]
[ -27 -28 -19 -18 -17 -16 -30 -29 -26 -25 -24 -23 -22 -21 -20   6   5   4   3  15  14  13  12  11  10   9   1   2   8   7 ]
[ -26 -27 -29 -21 -20 -19 -18 -17 -16 -30 -28 -25 -24 -23 -22   9   8   7   6   5   4  15  14  13  12   1   2  11   3  10 ]
[ -25 -26 -27 -23 -21 -20 -19 -18 -17 -16 -30 -22 -29 -28 -24  10   9   8   7   6   5  12   4  15   1   2   3  14  13  11 ]
[ -24 -25 -26 -30 -15 -13 -12 -11 -10   9   8   7   6 -29   5 -23 -21 -19  18 -28  17 -27  16   1   2   3  22  20  14   4 ]
[ -23 -24 -25 -12 -30 -21 -14 -13 -27 -11  10   4   8   7  16 -15  20 -29 -26 -17   6 -28   1   2   3  19   9  22  18   5 ]
[ -22 -23 -24 -11 -28 -30  -9 -21   7 -20   4 -29  19 -15  14 -25 -26 -27 -13  10   8   1   2   3  16  17  18   5  12   6 ]
[ -21 -22 -23 -25 -13 -12 -29 -26 -11 -14   9   6   5  10 -28 -24 -18  17 -27 -30   1   2   3  16   4   8  19  15   7  20 ]
[ -20 -21 -22 -26 -24 -23 -28 -30 -18 -17 -15 -13  12 -27  11 -29  10   9 -25   1   2   3   6   5  19   4  14   7  16   8 ]
[ -19 -20 -21 -29 -18 -22 -13 -28 -30 -26 -16 -24   7 -25 -27  11 -23   5   1   2   3   6  17  12  14  10  15   8   4   9 ]
[ -18 -19 -14 -20  -8 -28 -16   5 -25 -29 -26 -27 -23   3 -30   7 -24   1   2   4 -22  21  13  17   9  11  12   6  10  15 ]
[ -17 -18 -20 -24 -25 -29 -23 -14 -19 -28 -27 -30 -26   8 -21 -22   1   2   9   3  15  16   7   4   5  13  11  10   6  12 ]
[ -16 -10 -18  -8 -23  -7   6   4 -21   2 -29 -28 -30 -26  17   1 -15   3  22 -24   9 -19   5  20 -27  14  25  12  11  13 ]
[ -15 -17 -16 -22 -19 -18 -27 -20 -29 -24 -25 -26 -28 -30   1   3   2   6   5   8 -23   4  21  10  11  12   7  13   9  14 ]
[ -14 -15 -13 -19 -22 -24 -21 -27 -28 -18 -23 -17   3   1   2 -30  12  10   4 -29   7   5  11   6 -26  25   8   9  20  16 ]
[ -13 -14 -12 -17 -16 -15 -22 -10 -20   8 -19   3   1   2   6   5   4 -30  11   9 -28   7 -27 -26 -29  24  23  21  25  18 ]
[ -12 -13 -10 -14 -11 -17 -20 -22 -15   3   5   1   2   4   9 -28   6 -26 -24   7 -27   8 -29  19 -30  18  21  16  23  25 ]
[ -11 -12 -15 -13 -10  16 -17 -19 -14   5   1   2   4   9   3  -6   7 -23   8 -22 -24  20  18  21  26 -25 -30  29 -28  27 ]
[ -10  -9  -8 -15 -12 -14 -11   3   2   1   7   5 -27   6   4 -26 -29 -28 -23 -25 -30 -24  19  22  20  16  13  18  17  21 ]
[  -9  -8 -11  -7 -14 -10   4   2   1   6   3 -18 -25   5 -29 -19 -20  12  16  17 -26 -30 -28 -27  13  21  24  23  15  22 ]
[  -8  -7  -9   5  -4 -11   2   1   3 -27   6 -16 -21 -24 -26  12 -30 -25 -28 -23  13 -29  20  14  18  15  10  19  22  17 ]
[  -7 -11  -6 -10  -9   3   1 -16   5   4   2 -15 -17 -22  12   8  13 -24 -29  21 -20  14 -30  18 -28 -27  26  25  19  23 ]
[  -6  -5  -7  -9   2   1   3 -15   4 -19 -18 -14 -16  12   8  13 -28  11  10 -27 -29 -23  22  25 -24  30  20  17  21 -26 ]
[  -5  -6  -4   3   1   2 -15 -12 -13  11 -10   8   9 -20   7 -27  24 -22  21  14 -19  18  25 -17 -23 -30  16 -29  28  26 ]
[  -4  -3   2   1  -7  -9   5  10   6  -8  12 -11 -15 -16  13  14 -27  21 -30 -26 -18  25  29  28 -22  20  17 -24 -23  19 ]
[  -3  -4   1   2  -6   5 -10  -9   8   7 -12  11 -14  13 -25 -18 -22  16 -21  27  19  17 -26 -29  15  23 -20 -30  24  28 ]
[  -2   1  -5  -6   3   4   8  -7 -12 -15  13   9 -11  16  10 -14 -25 -21  20 -19  18 -26 -24  23  17  22 -28  27  30 -29 ]
[   2  -1   4  -3   6  -5  -8   7  10  -9  14  13 -12 -11 -23 -21 -19 -20  17  18  16 -25  15 -30  22 -29  28 -27  26  24 ]
[   3   5  -1   8  -2   7  -6  -4  11  13  -9  14 -10 -12  18  17 -16 -15 -22 -21  20  19 -25  27  23  28 -24 -26 -30  29 ]
[   4   7   5  -1  -3  11  -2   9  -8  12  -6 -10  14 -13 -19 -17  16  20  15 -18  29  23 -22 -25  24 -28  30  26 -21 -27 ]
[   5   3  -2   7  -1   9  -4  12  -6 -13  16  -8  10  15 -14 -11  18 -17 -20  19  23  26 -21 -28  30 -22 -29  24  27 -25 ]
[   6   4  11  -2   8  -1  10  -5  13  -7  -3  15  -9  18 -12  20  26 -14  25 -16  22 -21  24 -23 -19 -17  29  30 -27 -28 ]
[   7  11   8  10   9  12  -1  -3  -5  -4  -2  -6  16  17  21 -13 -14  19 -18  23 -15  30 -20  29  28  27 -26 -25 -24 -22 ]
[   8   9  21   6  10  -4  13  -1  -2  -5  15  17  -7  19 -11  18 -12 -16 -14  22  -3 -20  28  30  27  29 -25 -23 -26 -24 ]
[   9  10   6  -5   4  -3  12  14  -1  -2  30  -7  15  -8 -13 -20  29  25  28  16  27  24  26 -22 -18 -23 -21 -19 -17 -11 ]
[  10   6   7  11  15  -2  -3  16  12  -1  -4  -9  26  24  -5  -8  19  23 -17  28  30  27 -18 -14  29 -13 -22 -20 -25 -21 ]
[  11  15   9  16   7  -8  -5   6  -3  14  -1  18  17 -10  -2  -4 -13 -12  30  29 -25  28  27  26  21 -24 -23 -22 -20 -19 ]
[  12   8  13  28  22  14  29  -2  26  16  25  -1  -3  -6  19 -10  23  27 -15  30  24  -5 -17 -21 -11  -9 -18  -4  -7 -20 ]
[  13  12  30   9  14   8  23  -6  -4  27  18  -2  -1  -5  25  24  22 -11  29  26  28 -17  -7 -16 -15 -20 -10 -21 -19  -3 ]
[  14  13  10  23  27  19   9  30  -7  -3  26  24  -2  -1  20  29  28  22  -6 -15  25 -18  -4 -12 -21 -11  -5 -17 -16  -8 ]
[  15  14  12  13  20  10  24  25  28  -6  29  -3  -4  -2  -1  22  27  30  23  -5  26 -16 -19  -7  -8 -21 -17  -9 -11 -18 ]
[  16  30  17  25  11  24  14  20  23  21  -5  19  27  -7  28  -1  -3  26 -12  -8 -10  29  -9  -6  -4 -18 -13 -15 -22  -2 ]
[  17  25  26  12  13  28  15  22  18  29 -14  -4  -5  11  -7  21  -1  -9  27  24 -16  -8  30 -20  -2  -3 -19  -6 -10 -23 ]
[  18  16  14  21  26  30  20  11  29  22  -8  27  28  -3  23  -2  25  -1  24  -7  -4 -10 -15 -19 -17  -5 -12 -13  -9  -6 ]
[  19  23  18  17  24  29  11  13  21  30  -7  22  -8  28  27  26  -4  -3  -1  25  -9 -12  -2  -5 -20 -16 -15 -14  -6 -10 ]
[  20  17  25  19  28  18  27  29  30  24 -13  26  11  21  22  23  -2  -6  -4  -1 -14 -15 -16 -10  -3 -12  -7  -5  -8  -9 ]
[  21  18  23  20  25  27  30  17  16  28  19  29  22  26  24  -9  -8  -2 -11  -4  -1 -13  -3 -15  -5 -14  -6 -10 -12  -7 ]
[  22  19  16  30  12  23  17  21  25  20  24  -5  29  27  26  -3  -7  28  -2 -10  -8  -1  -6 -11  -9 -15 -14 -18 -13  -4 ]
[  23  27  22  18  30  15  25  26  19 -12  20  10  24  29  -6  28  21  -4  -9 -11 -17  -3  -1 -13  -7  -8  -2 -16 -14  -5 ]
[  24  20  15  14  19  21  26  23  17  25  22  28  30  -4  -3  27  -9  29  -5  -2  -6 -11  -8  -1 -10  -7 -16 -12 -18 -13 ]
[  25  28  24  26  29  17  22  15  20  19  27  21  18  23  -8  30  -6 -13 -10  -9 -12  -7 -14  -3  -1  -4 -11  -2  -5 -16 ]
[  26  21  29  22  17  13  28  24  27  18  23  25  -6  20  30  19  -5 -10 -16 -14  -2  -4 -11  -8 -12  -1  -9  -7  -3 -15 ]
[  27  22  19  24  23  20  21  18  14  26  28  16  25  -9  29 -12  30  -8  -3  -6  -7  -2  -5  -4 -13 -10  -1 -11 -15 -17 ]
[  28  24  20  29  18  22  16  27  15  17  21  30  23  25  -9  -7 -10  -5  26  -3 -11  -6 -13  -2 -14 -19  -8  -1  -4 -12 ]
[  29  26  27  15  16  25  19  28  22  23 -17  20  21  30  -4  -5  11  24  -7 -12 -13  -9 -10 -18  -6  -2  -3  -8  -1 -14 ]
[  30  29  28  27  21  26  18  19  24  15  17  23  20  22 -10  25 -11  -7  -8 -13  -5 -14 -12  -9 -16  -6  -4  -3  -2  -1 ]
];
