nTeams=18;

dist=[
[       0  1270   396   189   739     480    364   554   805  1023     941  1617  1753  2581  1237    2682   189  1542 ]
[    1270     0   1201  1104   972    1024   960  1094  1028   329     820   967  1710  2258  1246    2571  1104  1109 ]
[     396  1201     0    294   395     183   287   185   440   893     632  1306  1357  2189   851    2287   294  1195 ]
[     189  1104   294     0    571     315   176   409   644   843     759  1433  1616  2431  1085    2556     0  1366 ]
[     739   972   395   571     0      259   428   211    88   643     244   910  1072  1866   526    2021   571   807 ]
[     480  1024   183   315   259       0    200   115   329   712     472  1152  1305  2116   770    2249   315  1063 ]
[     364   960   287   176   428     200     0    314   509   680     593  1261  1495  2294   953    2442   176  1203 ]
[     554  1094   185   409   211     115   314     0    257   772     452  1121  1207  2028   682    2148   409  1010 ]
[     805  1028   440   644    88     329   509   257     0    700     248   878   987  1788   444    1935   644   755 ]
[    1023   329   893   843   643     712   680   772   700     0      502   829  1453  2085   953    2356   843   906 ]
[     941   820   632   759   244     472   593   452   248   502       0    680  1008  1741   471    1946   759   612 ]
[    1617   967  1306  1433   910    1152  1261  1121   878   829     680     0    871  1291   670    1623  1433   242 ]
[    1753  1710  1357  1616  1072    1305  1495  1207   987  1453    1008   871     0    847   550     949  1616   643 ]
[    2581  2258  2189  2431  1866    2116  2294  2028  1788  2085    1741  1291   847     0   1346     452  2431  1180 ]
[    1237  1246   851  1085   526     770   953   682   444   953     471   670   550  1346     0     1498  1085   456 ]
[    2682  2571  2287  2556  2021    2249  2442  2148  1935  2356    1946  1623   949   452  1498       0   2556  1462 ]
[     189  1104   294     0   571     315   176   409   644   843     759  1433  1616  2431  1085    2556     0   1366 ]
[    1542  1109  1195  1366   807    1063  1203  1010   755   906     612   242   643  1180   456    1462  1366      0 ]
];

opponents=[
[ -18 -17 -16 -15 -14 -13 -12 -11 -10   9   8   7   6   5   4   3   2   1 ]
[ -17 -10 -18 -16 -15 -14 -13 -12 -11   2   9   8   7   6   5   4   1   3 ]
[ -16 -18 -11 -10 -17 -15 -14 -13 -12   4   3   9   8   7   6   1   5   2 ]
[ -15 -16 -13 -12 -11 -10 -18 -17 -14   6   5   4   3   9   1   2   8   7 ]
[ -14 -15 -17  -9  -8  -7   6   5   4 -16 -13 -18  11   1   2  10   3  12 ]
[ -13 -14 -12 -18 -16 -17 -11 -10 -15   8   7   3   1   2   9   5   6   4 ]
[ -12 -13  -8  -7 -18 -16   4   3 -17 -14 -15   1   2  10  11   6   9   5 ]
[ -11 -12 -14 -17 -13 -18 -16  -9   8 -15   1   2   5   3  10   7   4   6 ]
[ -10 -11 -15 -14 -12  -9 -17 -18   6   1   2   5 -16   4   3  13   7   8 ]
[  -9  -8 -10 -13  -6   5 -15   2   1   3 -18 -17   4 -16   7  14  12  11 ]
[  -8  -9  -7 -11 -10 -12   3   1   2   5   4   6 -17 -15  14 -18  13  16 ]
[  -7  -6  -9   5  -4   2   1 -16   3 -18 -17 -15  14 -13  12   8  11  10 ]
[  -6  -7  -5  -8   3   1   2   4 -18 -17 -16  14 -15 -12  13  11  10   9 ]
[  -5  -4  -6   2   1   3 -10 -15 -16   7 -14 -13  12  11   8   9 -18  17 ]
[  -4   3  -2   1  -9 -11  -8   7   5 -13   6 -16  10 -18 -17  12  15  14 ]
[  -3  -5   1  -6   2   4  -9 -14   7 -11  10  17 -18   8 -16  15 -12  13 ]
[  -2   1  -4   3  -7  -8   5   6 -13 -12  14  10   9 -11 -18 -17  16  15 ]
[   2  -1   4  -3   6  -5   8  -7  10  -9 -12  11 -14  13  16 -15  18 -17 ]
[   3   5  -1  18  -2   7  -6   9  -8  11 -10 -14  15  12 -13  17 -16  -4 ]
[   4   7   5  -1  -3   9  -2  11  -6  12  -8 -10  16 -17  18 -13  14 -15 ]
[   5  17   9   7  -1  11  -4  12  -3  13  -6  -8 -10  15 -14  18  -2 -16 ]
[   6  -3   2  11   8  -1  10  -5  14  -7  -4  16  18  -9  17 -12 -15 -13 ]
[   7  18  11  16   9  12  -1  13  -5  15  -3  -6  -8  17 -10  -4 -14  -2 ]
[   8   4  13  -2  15  10  14  -1  17  -6  16  18  -3  -7  -5 -11  -9 -12 ]
[   9  10  18  17  12  13  11  15  -1  -2  -7  -5  -6  16  -8 -14  -4  -3 ]
[  10  12   6  -5   4  -3  15  14  16  -1  18  -2  17  -8  -7  -9 -13 -11 ]
[  11   8  17  10  16  15  13  -2  12  -4  -1  -9  -7  18  -6  -5  -3 -14 ]
[  12   6  16   8  18  -2  17  -4  15  14  13  -1 -11 -10  -9  -3  -7  -5 ]
[  13   9  10  12  14  17  18  16  -2  -3  15  -4  -1  -5 -11  -8  -6  -7 ]
[  14  11  12  15  10  18  16  17  13  -5  -2  -3  -9  -1  -4  -7  -8  -6 ]
[  15  13  14   6  17  -4   9  18  -7  16  12 -11  -2  -3  -1 -10  -5  -8 ]
[  16  14   7  13  11   8  -3  -6  18  17  -5  15  -4  -2 -12  -1 -10  -9 ]
[  17  15   8  14  13  16  12  -3  11  18  -9  -7  -5  -4  -2  -6  -1 -10 ]
[  18  16  15   9   7  14  -5  10  -4  -8  17  13 -12  -6  -3  -2 -11  -1 ]
];